           1   1.0000000000000000     
           2   1.5000000000000000     
           3   1.2500000000000000     
           4   1.3750000000000000     
           5   1.4375000000000000     
           6   1.4062500000000000     
           7   1.4218750000000000     
           8   1.4140625000000000     
           9   1.4179687500000000     
          10   1.4160156250000000     
          11   1.4150390625000000     
          12   1.4145507812500000     
          13   1.4143066406250000     
          14   1.4141845703125000     
          15   1.4142456054687500     
          16   1.4142150878906250     
          17   1.4141998291015625     
          18   1.4142074584960938     
          19   1.4142112731933594     
          20   1.4142131805419922     
          21   1.4142141342163086     
